Target:  [10, 6, 8, 10, 8, 38] pos 0 -> +5, pos 2,4 -> +6, pos 5 -> +3
[0, [12, 6, 10, 12, 10, 41],

3 
0, 0, 1, 0, 0, 0, 0, 0, 0, 1
1, 1, 0, 1, 1, 1, 1, 0, 0, 0
0, 0, 1, 0, 1, 0, 0, 1, 1, 0
0, 0, 1, 0, 1, 0, 1, 1, 1, 0


Target:  [10, 12, 8, 10, 8, 38] pos 0 -> +5, pos 2,4 -> +6, pos 5 -> +3
[0, [12, 12, 10, 12, 10, 41], 

3
0, 0, 1, 0, 1, 0, 1, 0, 0, 0
1, 0, 0, 1, 1, 0, 1, 1, 1, 1
0, 0, 1, 0, 0, 1, 0, 1, 1, 1
0, 1, 1, 0, 0, 1, 0, 1, 1, 1


Target:  [10, 18, 8, 10, 8, 38] pos 0 -> +5, pos 2,4 -> +6, pos 5 -> +3
[0, [12, 18, 10, 12, 10, 43], 

3
0, 0, 1, 0, 0, 0, 1, 1, 1, 1
1, 0, 0, 1, 0, 0, 0, 0, 1, 1
0, 0, 1, 0, 1, 1, 0, 0, 0, 0
0, 0, 1, 0, 1, 1, 0, 0, 0, 0


Target:  [10, 24, 8, 10, 8, 38] pos 0 -> +5, pos 2,4 -> +6, pos 5 -> +3
[0, [12, 24, 10, 12, 10, 41], 

3
0, 0, 1, 0, 0, 0, 1, 0, 1, 0
0, 1, 1, 1, 0, 1, 1, 1, 1, 0
0, 0, 1, 0, 1, 1, 0, 0, 0, 1
0, 0, 1, 0, 1, 1, 0, 1, 0, 1


Target:  [10, 31, 8, 10, 8, 38] pos 0 -> +5, pos 2,4 -> +6, pos 5 -> +3
[0, [12, 31, 10, 12, 10, 43], 

3
0, 0, 1, 0, 0, 1, 0, 0, 1, 0
0, 0, 0, 1, 1, 1, 0, 0, 1, 0
0, 0, 1, 0, 0, 0, 1, 1, 0, 1
0, 0, 1, 0, 0, 0, 1, 1, 0, 1


Target:  [10, 37, 8, 10, 8, 38] pos 0 -> +5, pos 2,4 -> +6, pos 5 -> +3
[0, [12, 37, 10, 12, 10, 41], 

3
0, 0, 1, 0, 0, 1, 1, 1, 0, 1
0, 1, 1, 1, 0, 1, 1, 1, 0, 1
0, 0, 1, 0, 1, 0, 0, 0, 1, 0
0, 0, 1, 0, 1, 0, 0, 1, 1, 0


Target:  [10, 41, 8, 10, 8, 38] pos 0 -> +5, pos 2,4 -> +6, pos 5 -> +3
[0, [11, 41, 12, 11, 12, 41], 

3
0, 0, 0, 1, 1, 0, 1, 0, 1, 1
0, 0, 0, 1, 1, 0, 1, 0, 0, 1
0, 0, 0, 1, 0, 1, 0, 1, 1, 0
1, 0, 0, 1, 0, 1, 0, 1, 1, 0


